0, 34552.10699732602, 0.0002943485086342229, 0.008130081300813009, 0.0005681280181800965, 3, 10189, 9826, 366
1, 681.3253238499165, 0.00019623233908948196, 0.02666666666666667, 0.00038959774033310606, 2, 10190, 10119, 73
2, 531.8924639970064, 0.00019623233908948196, 0.038461538461538464, 0.0003904724716907458, 2, 10190, 10142, 50
3, 324.1637034639716, 0.00019623233908948196, 0.06666666666666667, 0.0003913128546272745, 2, 10190, 10164, 28
4, 408.85092516988516, 0.0, 0.0, 0, 0, 10192, 10178, 14
5, 364.95115231722593, 0.0003924646781789639, 0.14814814814814814, 0.0007828554653097172, 4, 10188, 10169, 23
6, 333.36280912160873, 0.0066718995290423865, 0.6476190476190476, 0.013207730406914637, 68, 10124, 10155, 37
7, 240.1898854188621, 0.00019623233908948196, 0.14285714285714285, 0.00039192631785224383, 2, 10190, 10180, 12
8, 377.40035136789083, 0.0, 0.0, 0, 0, 10192, 10178, 14
9, 364.8019498884678, 0.0021585557299843012, 0.04198473282442748, 0.004106009705113848, 22, 10170, 9690, 502
10, 183.22948071733117, 0.02423469387755102, 0.7462235649546828, 0.04694478760809655, 247, 9945, 10108, 84
11, 162.11560071632266, 0.03443877551020408, 0.695049504950495, 0.06562587641394783, 351, 9841, 10038, 154
12, 377.16207943484187, 0.0, 0.0, 0, 0, 10192, 10190, 2
13, 495.9051873087883, 0.0, 0, 0, 0, 10192, 10192, 0
14, 497.1557991504669, 0.0, 0.0, 0, 0, 10192, 10190, 2
15, 495.5230168104172, 0.0, 0.0, 0, 0, 10192, 10190, 2
16, 495.5028831958771, 0.0, 0, 0, 0, 10192, 10192, 0
17, 495.50252598524094, 0.0, 0, 0, 0, 10192, 10192, 0
18, 495.5000343322754, 0.0, 0.0, 0, 0, 10192, 10190, 2
19, 495.500275015831, 0.0, 0.0, 0, 0, 10192, 10191, 1
20, 495.50015181303024, 0.0, 0, 0, 0, 10192, 10192, 0
21, 495.5008031129837, 0.0, 0.0, 0, 0, 10192, 10191, 1
22, 495.50039929151535, 0.0, 0.0, 0, 0, 10192, 10190, 2
23, 495.5003288388252, 0.0, 0, 0, 0, 10192, 10192, 0
24, 495.5000424385071, 0.0, 0.0, 0, 0, 10192, 10190, 2
25, 495.5, 0.0, 0, 0, 0, 10192, 10192, 0
26, 495.50013226270676, 0.0, 0, 0, 0, 10192, 10192, 0
27, 495.5000008940697, 0.0, 0.0, 0, 0, 10192, 10191, 1
28, 495.5000266432762, 0.0, 0, 0, 0, 10192, 10192, 0
29, 495.50000298023224, 0.0, 0, 0, 0, 10192, 10192, 0
30, 495.5000198483467, 0.0, 0, 0, 0, 10192, 10192, 0
31, 495.50035893917084, 0.0, 0, 0, 0, 10192, 10192, 0
32, 495.58139234781265, 0.0, 0, 0, 0, 10192, 10192, 0
33, 495.50017362833023, 0.0, 0, 0, 0, 10192, 10192, 0
34, 495.5000066757202, 0.0, 0, 0, 0, 10192, 10192, 0
35, 495.5002669095993, 0.0, 0, 0, 0, 10192, 10192, 0
36, 495.5, 0.0, 0.0, 0, 0, 10192, 10191, 1
37, 517.176335811615, 0.0, 0, 0, 0, 10192, 10192, 0
38, 500.6841713786125, 0.0, 0, 0, 0, 10192, 10192, 0
39, 495.5, 0.0, 0, 0, 0, 10192, 10192, 0
40, 495.5, 0.0, 0, 0, 0, 10192, 10192, 0
41, 495.5, 0.0, 0.0, 0, 0, 10192, 10191, 1
42, 495.5000031590462, 0.0, 0, 0, 0, 10192, 10192, 0
43, 495.50000101327896, 0.0, 0, 0, 0, 10192, 10192, 0
44, 495.5, 0.0, 0, 0, 0, 10192, 10192, 0
45, 495.5, 0.0, 0, 0, 0, 10192, 10192, 0
46, 495.5000058412552, 0.0, 0, 0, 0, 10192, 10192, 0
47, 495.5000001192093, 0.0, 0, 0, 0, 10192, 10192, 0
48, 495.5, 0.0, 0, 0, 0, 10192, 10192, 0
49, 495.50000017881393, 0.0, 0, 0, 0, 10192, 10192, 0
