0, 302.46696196496487, 4216, 1528, 3561, 2375, 0.6658390410958904
1, 286.7577842101455, 3819, 1921, 3944, 1996, 0.6646404109589041
2, 276.2159522026777, 4787, 954, 3182, 2757, 0.6822773972602739
3, 264.8685530051589, 4248, 1496, 3765, 2171, 0.6860445205479452
4, 254.04950783401728, 3835, 1907, 4263, 1675, 0.6933219178082192
5, 244.84845109283924, 4164, 1578, 4009, 1929, 0.6997431506849315
6, 237.11924220621586, 4512, 1225, 3658, 2285, 0.699486301369863
7, 230.21754948794842, 4831, 908, 3353, 2588, 0.7006849315068493
8, 223.93987419456244, 4150, 1590, 4052, 1888, 0.7022260273972603
9, 218.36317404732108, 4119, 1624, 4087, 1850, 0.7025684931506849
10, 213.38209652900696, 3865, 1874, 4292, 1649, 0.6983732876712329
11, 211.35661946982145, 3790, 1946, 4390, 1554, 0.7003424657534246
12, 206.83351624011993, 3415, 2322, 4762, 1181, 0.7000856164383562
13, 203.27736917883158, 3805, 1934, 4412, 1529, 0.7035102739726027
14, 199.35185474529862, 3805, 1934, 4414, 1527, 0.7036815068493151
15, 197.41691873595119, 3471, 2270, 4600, 1339, 0.6910102739726027
16, 194.9473462291062, 3581, 2154, 4567, 1378, 0.6976027397260274
17, 194.68286191299558, 3458, 2285, 4645, 1292, 0.69375
18, 190.53707839921117, 3559, 2179, 4545, 1397, 0.6938356164383561
19, 189.69163943827152, 3476, 2261, 4625, 1318, 0.6935787671232877
20, 186.18299889937043, 3641, 2098, 4471, 1470, 0.6945205479452055
21, 184.64238583669066, 3559, 2179, 4543, 1399, 0.6936643835616438
22, 182.0934088304639, 3649, 2089, 4449, 1493, 0.6933219178082192
23, 182.33189341053367, 3666, 2073, 4431, 1510, 0.693236301369863
24, 180.05327953770757, 3512, 2226, 4569, 1373, 0.6918664383561643
25, 177.53669369593263, 3618, 2126, 4486, 1450, 0.6938356164383561
26, 177.27358213067055, 3509, 2227, 4573, 1371, 0.6919520547945206
27, 174.8433303385973, 3488, 2251, 4618, 1323, 0.6940068493150685
28, 173.72934514284134, 3374, 2365, 4663, 1278, 0.6880993150684932
29, 173.5671346783638, 3508, 2233, 4558, 1381, 0.6905821917808219
30, 173.04340341314673, 3420, 2318, 4603, 1339, 0.6869006849315068
31, 172.96506747603416, 3584, 2158, 4464, 1474, 0.689041095890411
32, 171.10232731699944, 3419, 2320, 4611, 1330, 0.6875
33, 168.96756008267403, 3464, 2279, 4561, 1376, 0.6870719178082192
34, 170.22934240847826, 3458, 2276, 4564, 1382, 0.6868150684931507
35, 168.4850331619382, 3607, 2130, 4454, 1489, 0.6901541095890411
36, 167.94906193763018, 3492, 2245, 4551, 1392, 0.6886130136986301
37, 165.88392070308328, 3350, 2389, 4681, 1260, 0.6875856164383561
38, 164.3755802512169, 3584, 2160, 4477, 1459, 0.6901541095890411
39, 164.42518964782357, 3450, 2290, 4616, 1324, 0.6905821917808219
40, 163.55807971954346, 3429, 2310, 4614, 1327, 0.6886130136986301
41, 163.06474754214287, 3362, 2383, 4678, 1257, 0.6883561643835616
42, 164.17024883627892, 3435, 2300, 4580, 1365, 0.6862157534246576
43, 161.82727533951402, 3412, 2328, 4606, 1334, 0.686472602739726
44, 161.14194966480136, 3380, 2362, 4605, 1333, 0.6836472602739726
45, 161.97708389163017, 3405, 2333, 4592, 1350, 0.6846746575342466
46, 161.08550972118974, 3435, 2307, 4586, 1352, 0.6867294520547945
47, 162.53448283672333, 3488, 2248, 4472, 1472, 0.6815068493150684
48, 161.3201999142766, 3318, 2424, 4666, 1272, 0.6835616438356165
49, 160.01202557608485, 3379, 2358, 4673, 1270, 0.6893835616438356
