0, 315.97852993011475, 4840, 896, 2741, 3203, 0.6490582191780822
1, 311.4735810905695, 4146, 1596, 3425, 2513, 0.6482020547945205
2, 306.52541571855545, 4189, 1550, 3445, 2496, 0.6535958904109589
3, 304.2521251440048, 4496, 1244, 3116, 2824, 0.6517123287671233
4, 301.35416680574417, 4661, 1081, 2938, 3000, 0.6505993150684931
5, 297.924880951643, 5306, 436, 2357, 3581, 0.6560787671232877
6, 294.710957467556, 4807, 932, 2887, 3054, 0.6587328767123287
7, 290.7734824195504, 4664, 1077, 3083, 2856, 0.6632705479452055
8, 287.6350379437208, 3082, 2656, 4498, 1444, 0.648972602739726
9, 283.0163593143225, 4763, 973, 3050, 2894, 0.6689212328767123
10, 280.22783429175615, 2393, 3351, 5125, 811, 0.6436643835616438
11, 276.6668872386217, 4811, 931, 2998, 2940, 0.6685787671232877
12, 272.44186190515757, 5097, 641, 2778, 3164, 0.6742294520547946
13, 269.76822792738676, 5320, 416, 2543, 3401, 0.6732020547945206
14, 267.4298603311181, 4477, 1261, 3428, 2514, 0.6767979452054794
15, 265.5375420972705, 4955, 785, 2927, 3013, 0.6748287671232877
16, 263.11263639479876, 5033, 711, 2849, 3087, 0.6748287671232877
17, 260.6869340762496, 4156, 1583, 3765, 2176, 0.6781678082191781
18, 257.0780911743641, 4723, 1018, 3141, 2798, 0.6732876712328767
19, 255.99663451313972, 4930, 806, 2972, 2972, 0.676541095890411
20, 254.9109079837799, 3586, 2153, 4233, 1708, 0.6694349315068493
21, 252.81442396342754, 4456, 1281, 3479, 2464, 0.6793664383561644
22, 251.08693633973598, 4722, 1020, 3197, 2741, 0.6779965753424657
23, 248.33143674582243, 3191, 2548, 4526, 1415, 0.6607020547945206
24, 248.62938155978918, 4710, 1028, 3178, 2764, 0.6753424657534246
25, 246.01833753287792, 4999, 739, 2910, 3032, 0.6771404109589041
26, 245.65202963352203, 4770, 973, 3182, 2755, 0.6808219178082192
27, 244.34458815306425, 3124, 2617, 4646, 1293, 0.6652397260273972
28, 243.7453142553568, 3614, 2126, 4262, 1678, 0.6743150684931507
29, 243.19685898721218, 3651, 2092, 4241, 1696, 0.6756849315068493
30, 240.78336009383202, 4512, 1223, 3492, 2453, 0.6852739726027397
31, 239.13886124640703, 4326, 1418, 3566, 2370, 0.6756849315068493
32, 238.05127761512995, 3992, 1747, 3965, 1976, 0.68125
33, 238.46354262530804, 3424, 2315, 4438, 1503, 0.6731164383561644
34, 237.01350536197424, 3873, 1870, 4044, 1893, 0.6778253424657534
35, 236.28282641619444, 4554, 1187, 3327, 2612, 0.6747431506849315
36, 237.74207474291325, 4552, 1192, 3364, 2572, 0.6777397260273973
37, 236.4726459160447, 3105, 2635, 4697, 1243, 0.6679794520547945
38, 236.0100392922759, 4199, 1539, 3626, 2316, 0.6699486301369864
39, 235.4203757494688, 4404, 1336, 3532, 2408, 0.6794520547945205
40, 234.02270363271236, 5007, 737, 3006, 2930, 0.6860445205479452
41, 234.1701369434595, 4488, 1253, 3518, 2421, 0.6854452054794521
42, 233.51119895279408, 4679, 1059, 3321, 2621, 0.684931506849315
43, 232.95618800073862, 4059, 1685, 3842, 2094, 0.6764554794520548
44, 232.19040244072676, 4861, 879, 3101, 2839, 0.6816780821917808
45, 231.4706791639328, 3788, 1953, 4081, 1858, 0.6737157534246575
46, 231.5570074543357, 4409, 1324, 3480, 2467, 0.6754280821917809
47, 233.00614796578884, 4151, 1588, 3788, 2153, 0.6797089041095891
48, 232.06514356657863, 3783, 1962, 4151, 1784, 0.6792808219178083
49, 231.2171427682042, 4306, 1438, 3596, 2340, 0.676541095890411
