0, 299.21951775997877, 4447, 1293, 3354, 2586, 0.6678938356164383
1, 278.25429733097553, 4560, 1182, 3452, 2486, 0.685958904109589
2, 261.8243570178747, 4323, 1416, 3815, 2126, 0.6967465753424658
3, 245.28817213326693, 4205, 1532, 4054, 1889, 0.7071061643835617
4, 231.88849610090256, 4418, 1318, 3900, 2044, 0.7121575342465754
5, 220.8459821715951, 4791, 945, 3585, 2359, 0.7171232876712329
6, 212.66715500503778, 4122, 1617, 4206, 1735, 0.713013698630137
7, 204.51941469684243, 4009, 1732, 4299, 1640, 0.7113013698630137
8, 198.20290276408195, 4132, 1603, 4235, 1710, 0.7163527397260274
9, 191.90740955621004, 3815, 1927, 4455, 1483, 0.7080479452054794
10, 187.89679634571075, 3717, 2024, 4573, 1366, 0.7097602739726028
11, 183.04142195358872, 3686, 2055, 4654, 1285, 0.714041095890411
12, 179.4620008841157, 3896, 1843, 4387, 1554, 0.7091609589041096
13, 176.33012400195003, 3527, 2211, 4710, 1232, 0.705222602739726
14, 172.72791603207588, 3748, 1990, 4440, 1502, 0.701027397260274
15, 169.70120960101485, 3802, 1937, 4402, 1539, 0.7023972602739726
16, 166.73288882523775, 3549, 2186, 4621, 1324, 0.699486301369863
17, 163.56422810442746, 3783, 1955, 4376, 1566, 0.6985445205479452
18, 162.40251433849335, 3932, 1804, 4254, 1690, 0.7008561643835617
19, 159.82866910099983, 3799, 1936, 4279, 1666, 0.6916095890410959
20, 158.59816423803568, 3525, 2213, 4557, 1385, 0.6919520547945206
21, 156.7672808356583, 3918, 1823, 4137, 1802, 0.6896404109589042
22, 154.3731191083789, 3715, 2023, 4318, 1624, 0.6877568493150685
23, 153.33706596121192, 4044, 1694, 3987, 1955, 0.6875856164383561
24, 151.05780950933695, 3774, 1963, 4241, 1702, 0.6862157534246576
25, 150.04940596967936, 3683, 2061, 4341, 1595, 0.686986301369863
26, 149.3477678000927, 3950, 1789, 4065, 1876, 0.6862157534246576
27, 147.05108912847936, 3789, 1955, 4211, 1725, 0.684931506849315
28, 146.91782038100064, 3700, 2043, 4247, 1690, 0.6803938356164384
29, 145.21927734650671, 3609, 2134, 4336, 1601, 0.680222602739726
30, 145.3434868324548, 3552, 2189, 4395, 1544, 0.6803938356164384
31, 143.91775975376368, 3926, 1817, 4025, 1912, 0.680736301369863
32, 142.07468575052917, 3713, 2029, 4228, 1710, 0.6798801369863013
33, 141.12600367888808, 3694, 2046, 4240, 1700, 0.6792808219178083
34, 140.14920863322914, 3644, 2100, 4228, 1708, 0.673972602739726
35, 139.8436275254935, 3665, 2074, 4222, 1719, 0.6752568493150685
36, 137.80093539878726, 3724, 2014, 4174, 1768, 0.6761986301369863
37, 137.66388854570687, 3543, 2196, 4345, 1596, 0.6753424657534246
38, 136.9393262322992, 3630, 2111, 4294, 1645, 0.6784246575342465
39, 135.23455594852567, 3613, 2123, 4212, 1732, 0.6699486301369864
40, 135.26484836544842, 3416, 2324, 4487, 1453, 0.6766267123287671
41, 134.62867915816605, 3541, 2197, 4270, 1672, 0.66875
42, 133.97294739075005, 3513, 2225, 4344, 1598, 0.6726883561643836
43, 132.84137721080333, 3534, 2205, 4248, 1693, 0.6662671232876712
44, 133.05906733684242, 3538, 2202, 4309, 1631, 0.6718321917808219
45, 132.36742203310132, 3486, 2254, 4306, 1634, 0.6671232876712329
46, 130.98650907166302, 3611, 2130, 4204, 1735, 0.6690924657534246
47, 131.5492226127535, 3533, 2205, 4257, 1685, 0.6669520547945206
48, 130.22317976132035, 3551, 2187, 4256, 1686, 0.6684075342465754
49, 129.3064621090889, 3712, 2025, 4080, 1863, 0.6671232876712329
