0, 301.6247209608555, 4843, 898, 2950, 2989, 0.667208904109589
1, 285.9054000377655, 4349, 1387, 3590, 2354, 0.6797089041095891
2, 271.559529222548, 3942, 1801, 4060, 1877, 0.6851027397260274
3, 257.58079352229834, 4716, 1022, 3415, 2527, 0.6961472602739726
4, 242.58621323108673, 4605, 1133, 3638, 2304, 0.705736301369863
5, 229.660982131958, 5255, 484, 2974, 2967, 0.7045376712328767
6, 219.14000375568867, 4747, 992, 3491, 2450, 0.7053082191780822
7, 209.51891668140888, 3698, 2044, 4521, 1417, 0.7036815068493151
8, 201.16391770541668, 4278, 1459, 3970, 1973, 0.7061643835616438
9, 193.32214092463255, 4215, 1526, 3916, 2023, 0.6961472602739726
10, 187.02141407504678, 4360, 1376, 3802, 2142, 0.6988013698630137
11, 182.3159811384976, 4102, 1638, 4000, 1940, 0.6936643835616438
12, 177.3515456970781, 3570, 2170, 4553, 1387, 0.6954623287671233
13, 173.56126501597464, 3524, 2217, 4508, 1431, 0.6876712328767123
14, 170.39331802353263, 3665, 2076, 4335, 1604, 0.684931506849315
15, 167.38957243412733, 4109, 1630, 3921, 2020, 0.6875
16, 164.29027865827084, 3936, 1807, 3986, 1951, 0.6782534246575342
17, 161.5727964900434, 3921, 1818, 3996, 1945, 0.6778253424657534
18, 158.8373379856348, 3671, 2069, 4261, 1679, 0.6791095890410959
19, 157.31009170040488, 3544, 2195, 4332, 1609, 0.6743150684931507
20, 155.21931985020638, 3899, 1839, 3991, 1951, 0.675513698630137
21, 153.74910128861666, 3806, 1933, 4025, 1916, 0.6704623287671233
22, 151.05474863946438, 3813, 1925, 3982, 1960, 0.6673801369863014
23, 151.6929136365652, 3761, 1975, 4038, 1906, 0.6677226027397261
24, 149.97312232293189, 3842, 1898, 3935, 2005, 0.6658390410958904
25, 148.06054510734975, 3679, 2061, 4019, 1921, 0.6590753424657534
26, 146.87183558382094, 3757, 1984, 3966, 1973, 0.6612157534246575
27, 146.1404505185783, 3456, 2285, 4308, 1631, 0.6647260273972603
28, 145.0048362724483, 3712, 2029, 4001, 1938, 0.6603595890410959
29, 145.68671298772097, 3781, 1957, 3912, 2030, 0.6586472602739726
30, 143.2293625175953, 3619, 2118, 4062, 1881, 0.6576198630136987
31, 144.0098583623767, 3782, 1958, 3931, 2009, 0.6603595890410959
32, 142.4112455956638, 3633, 2108, 4022, 1917, 0.6553938356164384
33, 142.30745530873537, 3707, 2029, 3951, 1993, 0.6556506849315068
34, 141.8245710246265, 3801, 1936, 3884, 2059, 0.6579623287671232
35, 141.27450019307435, 3624, 2122, 4020, 1914, 0.6544520547945205
36, 140.11828796193004, 3659, 2078, 3932, 2011, 0.6499143835616439
37, 138.09908568114042, 3557, 2184, 4027, 1912, 0.6493150684931507
38, 139.08542653732002, 3522, 2218, 4076, 1864, 0.650513698630137
39, 138.0235661752522, 3712, 2028, 3853, 2087, 0.6476883561643836
40, 138.30425128526986, 3767, 1974, 3874, 2065, 0.6541952054794521
41, 137.34445158205926, 3546, 2194, 4045, 1895, 0.6499143835616439
42, 136.60735703073442, 3629, 2113, 3938, 2000, 0.6478595890410959
43, 136.64015061967075, 3905, 1828, 3768, 2179, 0.6569349315068493
44, 135.20011667348444, 3651, 2092, 3923, 2014, 0.6484589041095891
45, 136.04112005792558, 3531, 2211, 4137, 1801, 0.6565068493150685
46, 136.45137676037848, 3786, 1954, 3828, 2112, 0.6518835616438357
47, 135.12452604435384, 3673, 2069, 3857, 2081, 0.6446917808219178
48, 135.23236826248467, 3734, 2004, 3829, 2113, 0.6475171232876712
49, 134.57955344207585, 3571, 2168, 3994, 1947, 0.6476883561643836
