0, 8.034178476780653, 180, 10, 108, 54, 0.8181818181818182
1, 4.660506719723344, 182, 11, 122, 37, 0.8636363636363636
2, 4.101520225405693, 191, 7, 117, 37, 0.875
3, 3.604116305708885, 177, 17, 127, 31, 0.8636363636363636
4, 3.2813878217712045, 178, 18, 132, 24, 0.8806818181818182
5, 3.223872784525156, 182, 16, 128, 26, 0.8806818181818182
6, 2.8840154674835503, 188, 7, 125, 32, 0.8892045454545454
7, 2.736063680611551, 182, 9, 129, 32, 0.8835227272727273
8, 2.434345404151827, 178, 15, 135, 24, 0.8892045454545454
9, 2.4282204154878855, 180, 14, 129, 29, 0.8778409090909091
10, 2.4142987991217524, 178, 15, 134, 25, 0.8863636363636364
11, 2.154092594049871, 179, 17, 131, 25, 0.8806818181818182
12, 2.3342284145765007, 171, 22, 139, 20, 0.8806818181818182
13, 2.087909355497686, 173, 18, 140, 21, 0.8892045454545454
14, 2.0413399895187467, 181, 15, 132, 24, 0.8892045454545454
15, 1.9288277651648968, 180, 19, 137, 16, 0.9005681818181818
16, 1.7634934945963323, 180, 17, 136, 19, 0.8977272727272727
17, 1.7708553078700788, 175, 19, 140, 18, 0.8948863636363636
18, 1.5476524741388857, 174, 18, 143, 17, 0.9005681818181818
19, 1.5219277028227225, 179, 17, 133, 23, 0.8863636363636364
20, 1.5540906875394285, 173, 22, 139, 18, 0.8863636363636364
21, 1.5357805732637644, 171, 20, 145, 16, 0.8977272727272727
22, 1.5974277066998184, 174, 19, 142, 17, 0.8977272727272727
23, 1.520511858863756, 174, 19, 142, 17, 0.8977272727272727
24, 1.5319738443358801, 180, 17, 139, 16, 0.90625
25, 1.5611522802792024, 177, 20, 136, 19, 0.8892045454545454
26, 1.4990708319237456, 173, 22, 139, 18, 0.8863636363636364
27, 1.6200410540914163, 182, 14, 137, 19, 0.90625
28, 1.3891752720664954, 168, 26, 142, 16, 0.8806818181818182
29, 1.4284649192122743, 176, 19, 141, 16, 0.9005681818181818
30, 1.3932166415033862, 170, 22, 145, 15, 0.8948863636363636
31, 1.3828431178699248, 171, 21, 145, 15, 0.8977272727272727
32, 1.3743042773130583, 169, 21, 146, 16, 0.8948863636363636
33, 1.3803693376466981, 173, 20, 144, 15, 0.9005681818181818
34, 1.2925302437506616, 172, 20, 144, 16, 0.8977272727272727
35, 1.2304780998674687, 171, 23, 140, 18, 0.8835227272727273
36, 1.2522900062031113, 173, 20, 145, 14, 0.9034090909090909
37, 1.1345000551082194, 173, 19, 143, 17, 0.8977272727272727
38, 1.2041585596452933, 178, 19, 137, 18, 0.8948863636363636
39, 1.1653531475458294, 173, 19, 147, 13, 0.9090909090909091
40, 1.181630286097061, 174, 20, 140, 18, 0.8920454545454546
41, 1.3994769147611805, 173, 25, 138, 16, 0.8835227272727273
42, 1.381243012379855, 176, 23, 133, 20, 0.8778409090909091
43, 1.2260895587096456, 168, 23, 141, 20, 0.8778409090909091
44, 1.1844814423529897, 174, 20, 138, 20, 0.8863636363636364
45, 1.2946254831331316, 183, 14, 129, 26, 0.8863636363636364
46, 1.2649139535060385, 168, 25, 139, 20, 0.8721590909090909
47, 1.3625418790034018, 172, 21, 142, 17, 0.8920454545454546
48, 1.3402645698952256, 169, 24, 141, 18, 0.8806818181818182
49, 1.349790799897164, 173, 24, 137, 18, 0.8806818181818182
