0, 9.26973333209753, 166, 28, 113, 45, 0.7926136363636364
1, 5.198674809187651, 182, 14, 118, 38, 0.8522727272727273
2, 4.071308437734842, 179, 13, 123, 37, 0.8579545454545454
3, 3.4790062559768558, 184, 11, 124, 33, 0.875
4, 3.0518560390919447, 178, 17, 130, 27, 0.875
5, 2.9619122687727213, 181, 9, 130, 32, 0.8835227272727273
6, 2.8032757348846644, 186, 11, 122, 33, 0.875
7, 2.764806210529059, 186, 10, 125, 31, 0.8835227272727273
8, 2.51414832752198, 183, 13, 128, 28, 0.8835227272727273
9, 2.2397120156674646, 173, 20, 137, 22, 0.8806818181818182
10, 2.2585537685081363, 173, 21, 135, 23, 0.875
11, 2.489434909890406, 168, 27, 138, 19, 0.8693181818181818
12, 2.3387505372520536, 181, 12, 139, 20, 0.9090909090909091
13, 2.1661019497551024, 179, 15, 136, 22, 0.8948863636363636
14, 1.9643460856750607, 182, 14, 131, 25, 0.8892045454545454
15, 1.9391414518468082, 175, 17, 135, 25, 0.8806818181818182
16, 1.7513540601357818, 176, 20, 138, 18, 0.8920454545454546
17, 1.7152246213518083, 179, 17, 130, 26, 0.8778409090909091
18, 1.6677609547623433, 183, 14, 134, 21, 0.9005681818181818
19, 1.633887429299648, 177, 16, 137, 22, 0.8920454545454546
20, 1.503535713243764, 175, 18, 139, 20, 0.8920454545454546
21, 1.4404371613636613, 178, 15, 140, 19, 0.9034090909090909
22, 1.380962272756733, 170, 19, 144, 19, 0.8920454545454546
23, 1.4453291156387422, 180, 18, 132, 22, 0.8863636363636364
24, 1.3536216616630554, 178, 16, 138, 20, 0.8977272727272727
25, 1.4734530267887749, 178, 17, 137, 20, 0.8948863636363636
26, 1.437794161203783, 182, 18, 133, 19, 0.8948863636363636
27, 1.3112886928138323, 173, 17, 139, 23, 0.8863636363636364
28, 1.3102475620253244, 180, 18, 135, 19, 0.8948863636363636
29, 1.3407069425156806, 177, 15, 135, 25, 0.8863636363636364
30, 1.417308825359214, 175, 20, 137, 20, 0.8863636363636364
31, 1.2881468985578977, 171, 20, 139, 22, 0.8806818181818182
32, 1.5191262879525311, 175, 22, 132, 23, 0.8721590909090909
33, 1.967474496923387, 173, 17, 140, 22, 0.8892045454545454
34, 1.656526932376437, 173, 20, 139, 20, 0.8863636363636364
35, 1.3525774570880458, 178, 21, 138, 15, 0.8977272727272727
36, 1.260797386901686, 178, 17, 140, 17, 0.9034090909090909
37, 1.233069961075671, 176, 19, 140, 17, 0.8977272727272727
38, 1.111091116843454, 172, 19, 145, 16, 0.9005681818181818
39, 1.096421057223779, 176, 19, 139, 18, 0.8948863636363636
40, 1.098631919881882, 174, 18, 142, 18, 0.8977272727272727
41, 1.1033876878354931, 173, 20, 143, 16, 0.8977272727272727
42, 1.0410863774595782, 179, 20, 138, 15, 0.9005681818181818
43, 1.1253441930894041, 177, 18, 140, 17, 0.9005681818181818
44, 1.058067458718142, 175, 20, 140, 17, 0.8948863636363636
45, 1.1321974464226514, 173, 19, 140, 20, 0.8892045454545454
46, 1.0374373212944192, 170, 23, 142, 17, 0.8863636363636364
47, 1.0557296352562844, 170, 23, 140, 19, 0.8806818181818182
48, 1.1228406588143116, 173, 19, 140, 20, 0.8892045454545454
49, 1.4075983519433066, 175, 16, 142, 19, 0.9005681818181818
