0, 6.739925313740969, 185, 8, 118, 41, 0.8607954545454546
1, 3.9410804212093353, 184, 10, 126, 32, 0.8806818181818182
2, 3.2856269632466137, 178, 17, 130, 27, 0.875
3, 2.9093569894321263, 168, 25, 134, 25, 0.8579545454545454
4, 2.7555282916873693, 183, 14, 120, 35, 0.8607954545454546
5, 2.6062183240428567, 184, 13, 121, 34, 0.8664772727272727
6, 2.394217126071453, 162, 29, 142, 19, 0.8636363636363636
7, 2.3865297036245465, 178, 14, 125, 35, 0.8607954545454546
8, 2.1566123478114605, 184, 13, 130, 25, 0.8920454545454546
9, 1.968086100765504, 183, 14, 131, 24, 0.8920454545454546
10, 1.9220480474177748, 175, 17, 139, 21, 0.8920454545454546
11, 1.9557232920778915, 180, 15, 132, 25, 0.8863636363636364
12, 2.0047180235851556, 176, 15, 133, 28, 0.8778409090909091
13, 1.9640984260477126, 166, 27, 142, 17, 0.875
14, 2.341080468147993, 185, 10, 124, 33, 0.8778409090909091
15, 2.666921127238311, 175, 17, 136, 24, 0.8835227272727273
16, 2.1166188578063156, 174, 17, 136, 25, 0.8806818181818182
17, 1.6744810556410812, 183, 13, 132, 24, 0.8948863636363636
18, 1.649874301544287, 177, 16, 135, 24, 0.8863636363636364
19, 1.586366173796705, 179, 17, 133, 23, 0.8863636363636364
20, 1.5407575007411651, 185, 13, 125, 29, 0.8806818181818182
21, 1.8205718773824628, 178, 18, 133, 23, 0.8835227272727273
22, 1.6327215671881277, 176, 18, 131, 27, 0.8721590909090909
23, 1.7409732974483632, 183, 13, 126, 30, 0.8778409090909091
24, 1.734011180466041, 177, 16, 135, 24, 0.8863636363636364
25, 1.5348310174831568, 180, 12, 125, 35, 0.8664772727272727
26, 1.7068060703786614, 183, 14, 134, 21, 0.9005681818181818
27, 1.4337212915270356, 173, 21, 138, 20, 0.8835227272727273
28, 1.3960358531985548, 174, 19, 138, 21, 0.8863636363636364
29, 1.365090227714063, 179, 16, 138, 19, 0.9005681818181818
30, 1.3534307317640923, 169, 20, 141, 22, 0.8806818181818182
31, 1.3271323212716197, 176, 20, 138, 18, 0.8920454545454546
32, 1.3497831725449032, 180, 18, 134, 20, 0.8920454545454546
33, 1.2965430354610845, 177, 20, 135, 20, 0.8863636363636364
34, 1.300218343151755, 173, 20, 138, 21, 0.8835227272727273
35, 1.2840610899511375, 171, 21, 138, 22, 0.8778409090909091
36, 1.3046382257077198, 174, 23, 136, 19, 0.8806818181818182
37, 1.3014333785547478, 169, 23, 142, 18, 0.8835227272727273
38, 1.3042715134563423, 175, 23, 131, 23, 0.8693181818181818
39, 1.2958386776198267, 170, 22, 137, 23, 0.8721590909090909
40, 1.297164018771113, 169, 22, 142, 19, 0.8835227272727273
41, 1.329907222869224, 169, 21, 141, 21, 0.8806818181818182
42, 1.299564436194487, 169, 22, 138, 23, 0.8721590909090909
43, 1.3106987846686025, 172, 22, 137, 21, 0.8778409090909091
44, 1.2938686770030472, 170, 21, 139, 22, 0.8778409090909091
45, 1.2934121941246985, 175, 21, 136, 20, 0.8835227272727273
46, 1.3026511686966273, 171, 21, 138, 22, 0.8778409090909091
47, 1.2889076019166055, 172, 22, 136, 22, 0.875
48, 1.2813462427081959, 175, 23, 133, 21, 0.875
49, 1.2742245987452812, 175, 20, 136, 21, 0.8835227272727273
