0, 6.223910819739103, 168, 27, 126, 31, 0.8352272727272727
1, 5.0136295929551125, 161, 34, 129, 28, 0.8238636363636364
2, 4.269727788865566, 176, 16, 121, 39, 0.84375
3, 4.086554426699877, 175, 20, 125, 32, 0.8522727272727273
4, 3.7301462115719914, 177, 17, 128, 30, 0.8664772727272727
5, 3.756725130137056, 183, 14, 116, 39, 0.8494318181818182
6, 3.821375723928213, 184, 11, 119, 38, 0.8607954545454546
7, 3.571012832224369, 180, 12, 129, 31, 0.8778409090909091
8, 3.7601673547178507, 179, 15, 127, 31, 0.8693181818181818
9, 3.46718842536211, 173, 21, 130, 28, 0.8607954545454546
10, 3.396558734588325, 180, 17, 116, 39, 0.8409090909090909
11, 3.4331964938901365, 182, 11, 134, 25, 0.8977272727272727
12, 3.134042451158166, 181, 11, 128, 32, 0.8778409090909091
13, 3.096784663386643, 180, 14, 128, 30, 0.875
14, 2.9004492377862334, 180, 12, 129, 31, 0.8778409090909091
15, 2.880402618087828, 181, 12, 133, 26, 0.8920454545454546
16, 2.8219570787623525, 181, 12, 132, 27, 0.8892045454545454
17, 2.7145856057759374, 167, 26, 136, 23, 0.8607954545454546
18, 2.7827204749919474, 179, 11, 130, 32, 0.8778409090909091
19, 2.4808526379056275, 182, 13, 125, 32, 0.8721590909090909
20, 2.608724162913859, 182, 13, 123, 34, 0.8664772727272727
21, 2.4719088855781592, 179, 17, 129, 27, 0.875
22, 2.380372973973863, 171, 21, 132, 28, 0.8607954545454546
23, 2.470576803199947, 181, 13, 127, 31, 0.875
24, 2.187881308607757, 183, 12, 130, 27, 0.8892045454545454
25, 2.2875356171280146, 178, 17, 135, 22, 0.8892045454545454
26, 2.037799933925271, 180, 16, 130, 26, 0.8806818181818182
27, 2.0115691255778074, 177, 15, 132, 28, 0.8778409090909091
28, 1.9450847547850572, 183, 12, 131, 26, 0.8920454545454546
29, 2.131638349033892, 174, 19, 137, 22, 0.8835227272727273
30, 2.132065568584949, 173, 17, 139, 23, 0.8863636363636364
31, 1.9418786794412881, 183, 15, 133, 21, 0.8977272727272727
32, 1.8210138720460236, 175, 15, 141, 21, 0.8977272727272727
33, 1.8198314169421792, 173, 20, 137, 22, 0.8806818181818182
34, 1.7109612834174186, 180, 15, 132, 25, 0.8863636363636364
35, 1.947591687552631, 176, 17, 128, 31, 0.8636363636363636
36, 2.204913253430277, 183, 14, 124, 31, 0.8721590909090909
37, 2.0990205818088725, 177, 21, 132, 22, 0.8778409090909091
38, 1.61809867300326, 177, 18, 133, 24, 0.8806818181818182
39, 1.6291721616871655, 176, 17, 137, 22, 0.8892045454545454
40, 1.5365258531528525, 172, 23, 140, 17, 0.8863636363636364
41, 1.630204361397773, 179, 16, 136, 21, 0.8948863636363636
42, 1.534106623614207, 178, 19, 135, 20, 0.8892045454545454
43, 1.4802841978380457, 180, 18, 131, 23, 0.8835227272727273
44, 1.3832157193683088, 183, 15, 130, 24, 0.8892045454545454
45, 1.4320556534221396, 175, 20, 131, 26, 0.8693181818181818
46, 1.5895718734245747, 179, 16, 135, 22, 0.8920454545454546
47, 1.4569371847901493, 165, 25, 138, 24, 0.8607954545454546
48, 1.508657812650199, 185, 10, 130, 27, 0.8948863636363636
49, 1.6475218466948718, 174, 23, 131, 24, 0.8664772727272727
