0, 106.09117199480534, 1374, 640, 1579, 759, 0.6785386029411765
1, 102.25340378284454, 992, 1024, 2064, 272, 0.7022058823529411
2, 100.27877601236105, 1138, 880, 1919, 415, 0.7024356617647058
3, 97.05368529260159, 1383, 632, 1687, 650, 0.7054227941176471
4, 95.38240419328213, 1431, 584, 1639, 698, 0.7054227941176471
5, 92.5637316480279, 1235, 780, 1886, 451, 0.7171415441176471
6, 89.3592735901475, 1206, 809, 1954, 383, 0.7261029411764706
7, 86.6653992086649, 1408, 609, 1791, 544, 0.7350643382352942
8, 83.58911333233118, 1281, 735, 1954, 382, 0.7433363970588235
9, 79.78560743480921, 1234, 785, 2029, 304, 0.7497702205882353
10, 77.02373269200325, 1329, 688, 1986, 349, 0.76171875
11, 72.46935737133026, 1472, 547, 1763, 570, 0.7433363970588235
12, 69.685979437083, 1295, 721, 1993, 343, 0.7555147058823529
13, 65.63929885998368, 1280, 739, 2099, 234, 0.7764246323529411
14, 61.954824794083834, 1419, 597, 1921, 415, 0.7674632352941176
15, 58.74006776697934, 1375, 644, 2025, 308, 0.78125
16, 55.89302639476955, 1560, 452, 1818, 522, 0.7761948529411765
17, 53.97903657518327, 1548, 469, 1862, 473, 0.7835477941176471
18, 50.21048835851252, 1505, 513, 1882, 452, 0.7782628676470589
19, 47.86133881658316, 1565, 454, 1852, 481, 0.78515625
20, 44.51345305517316, 1584, 435, 1878, 455, 0.7954963235294118
21, 42.906190460547805, 1479, 535, 1965, 373, 0.7913602941176471
22, 40.71931824507192, 1560, 458, 1893, 441, 0.7934283088235294
23, 38.785500541329384, 1495, 522, 1948, 387, 0.7911305147058824
24, 37.403589262627065, 1482, 536, 1988, 346, 0.7973345588235294
25, 35.60280455183238, 1503, 512, 1969, 368, 0.7977941176470589
26, 35.215550642460585, 1584, 438, 1874, 456, 0.7945772058823529
27, 32.64279504399747, 1569, 448, 1900, 435, 0.7971047794117647
28, 30.83195291517768, 1522, 496, 1931, 403, 0.7934283088235294
29, 30.241117571946234, 1538, 485, 1986, 343, 0.8097426470588235
30, 29.286749323364347, 1607, 404, 1822, 519, 0.7879136029411765
31, 29.84663933562115, 1525, 492, 1952, 383, 0.7989430147058824
32, 29.084038609697018, 1538, 481, 1937, 396, 0.7984834558823529
33, 28.38283209054498, 1506, 508, 1973, 365, 0.7994025735294118
34, 27.59527186647756, 1523, 496, 1971, 362, 0.8028492647058824
35, 26.848128908022773, 1509, 505, 1987, 351, 0.8033088235294118
36, 26.86285654990934, 1550, 466, 1890, 446, 0.7904411764705882
37, 26.460223458823748, 1583, 434, 1904, 431, 0.8012408088235294
38, 24.44140130377491, 1562, 454, 1919, 417, 0.7998621323529411
39, 24.1807958248246, 1537, 481, 1925, 409, 0.7954963235294118
40, 23.219014891888946, 1487, 531, 2004, 330, 0.8021599264705882
41, 25.15744144585915, 1579, 438, 1918, 417, 0.8035386029411765
42, 22.51332800090313, 1585, 434, 1912, 421, 0.8035386029411765
43, 23.171497067814926, 1543, 475, 1937, 397, 0.7996323529411765
44, 21.672504108108114, 1576, 444, 1931, 401, 0.8058363970588235
45, 23.61048284319986, 1553, 465, 1932, 402, 0.80078125
46, 22.53642567526549, 1471, 545, 2005, 331, 0.7987132352941176
47, 22.0025774379028, 1528, 484, 1952, 388, 0.7996323529411765
48, 20.732176116493065, 1559, 458, 1909, 426, 0.796875
49, 20.19681358638627, 1551, 466, 1906, 429, 0.7943474264705882
