0, 99.84515520185232, 1118, 900, 1974, 360, 0.7104779411764706
1, 91.09033494442701, 1099, 920, 2034, 299, 0.7198988970588235
2, 84.7729250267148, 1361, 657, 1845, 489, 0.7366727941176471
3, 78.8337752558291, 1394, 623, 1915, 420, 0.7603400735294118
4, 70.77788547798991, 1476, 541, 1895, 440, 0.7745863970588235
5, 62.3197278380394, 1466, 551, 2003, 332, 0.7971047794117647
6, 54.3143899589777, 1542, 472, 1984, 354, 0.8102022058823529
7, 46.23394059482962, 1574, 444, 2012, 322, 0.8239889705882353
8, 39.77554233931005, 1536, 481, 2075, 260, 0.8297334558823529
9, 33.872005383484066, 1636, 384, 2029, 303, 0.8421415441176471
10, 28.994046974054072, 1715, 304, 1966, 367, 0.8458180147058824
11, 24.2782066030195, 1628, 389, 2093, 242, 0.8550091911764706
12, 21.75926863931818, 1643, 372, 2083, 254, 0.8561580882352942
13, 19.336878780595725, 1626, 391, 2105, 230, 0.8573069852941176
14, 16.796839895083394, 1682, 335, 2062, 273, 0.8602941176470589
15, 14.637131776275055, 1714, 304, 2023, 311, 0.8586856617647058
16, 14.150158367599943, 1721, 296, 2038, 297, 0.8637408088235294
17, 12.739680714833412, 1624, 391, 2103, 234, 0.8563878676470589
18, 11.632759991487546, 1703, 314, 2031, 304, 0.8579963235294118
19, 11.13931579374821, 1689, 330, 2068, 265, 0.86328125
20, 11.142240143281015, 1676, 340, 2063, 273, 0.8591452205882353
21, 10.354409356428732, 1686, 333, 2096, 237, 0.8690257352941176
22, 8.46854925206253, 1684, 335, 2087, 246, 0.8664981617647058
23, 8.04024532106564, 1648, 370, 2065, 269, 0.8531709558823529
24, 9.070744087046478, 1672, 344, 2089, 247, 0.8642003676470589
25, 8.594939680533912, 1663, 353, 2081, 255, 0.8602941176470589
26, 7.444279961395978, 1676, 339, 2105, 232, 0.8687959558823529
27, 7.074490519880328, 1659, 361, 2110, 222, 0.8660386029411765
28, 7.168087582334465, 1644, 370, 2106, 232, 0.8616727941176471
29, 7.382155646672686, 1662, 352, 2099, 239, 0.8642003676470589
30, 6.40901687232099, 1666, 350, 2083, 253, 0.8614430147058824
31, 6.453469571491496, 1709, 307, 2043, 293, 0.8621323529411765
32, 7.435581513001594, 1719, 297, 2074, 262, 0.8715533088235294
33, 6.300028014486543, 1649, 368, 2120, 215, 0.8660386029411765
34, 6.347116957088261, 1695, 321, 2078, 258, 0.8669577205882353
35, 5.871190402055419, 1698, 318, 2064, 272, 0.8644301470588235
36, 6.178599403692793, 1714, 305, 2053, 280, 0.8655790441176471
37, 7.128959870161481, 1689, 329, 2062, 272, 0.8619025735294118
38, 5.838545140188813, 1699, 319, 2072, 262, 0.8664981617647058
39, 5.089527931869405, 1695, 319, 2062, 276, 0.86328125
40, 5.780889769493484, 1681, 337, 2065, 269, 0.8607536764705882
41, 5.868674101312791, 1690, 328, 2077, 257, 0.8655790441176471
42, 4.859900214894282, 1700, 316, 2101, 235, 0.8733915441176471
43, 5.042471338331005, 1714, 306, 2064, 268, 0.8681066176470589
44, 5.333681589588391, 1707, 311, 2059, 275, 0.8653492647058824
45, 5.324861016637854, 1633, 380, 2128, 211, 0.8642003676470589
46, 5.672872870717173, 1669, 344, 2086, 253, 0.8628216911764706
47, 5.273417016560693, 1699, 318, 2059, 276, 0.8635110294117647
48, 4.879307584003161, 1717, 296, 2043, 296, 0.8639705882352942
49, 4.966169984376634, 1706, 311, 2092, 243, 0.8727022058823529
