0, 100.4626964405179, 1329, 688, 1782, 553, 0.71484375
1, 89.50413265824318, 1294, 725, 1907, 426, 0.7355238970588235
2, 81.83371048420668, 1456, 562, 1890, 444, 0.7688419117647058
3, 73.79778196290135, 1535, 483, 1886, 448, 0.7860753676470589
4, 66.6581581197679, 1455, 562, 1982, 353, 0.7897518382352942
5, 58.90550451166928, 1556, 458, 1932, 406, 0.8014705882352942
6, 53.05419107154012, 1581, 435, 1996, 340, 0.8219209558823529
7, 46.41604653466493, 1517, 500, 2052, 283, 0.8200827205882353
8, 40.7847766559571, 1642, 373, 1991, 346, 0.8347886029411765
9, 37.45769056491554, 1580, 436, 2096, 240, 0.8446691176470589
10, 32.97429444594309, 1580, 434, 2129, 209, 0.8522518382352942
11, 30.577856112504378, 1617, 402, 2067, 266, 0.8465073529411765
12, 27.797306719934568, 1590, 426, 2099, 237, 0.84765625
13, 24.50687615259085, 1655, 361, 2045, 291, 0.8501838235294118
14, 22.81694968335796, 1618, 402, 2082, 250, 0.8501838235294118
15, 21.510843305673916, 1667, 351, 2072, 262, 0.8591452205882353
16, 20.536088733526412, 1615, 402, 2093, 242, 0.8520220588235294
17, 18.847921361317276, 1695, 328, 2037, 292, 0.8575367647058824
18, 16.712635206684354, 1649, 368, 2114, 221, 0.8646599264705882
19, 15.744907030602917, 1667, 349, 2087, 249, 0.8625919117647058
20, 14.19439968842562, 1688, 330, 2068, 266, 0.8630514705882353
21, 13.36110904787347, 1692, 325, 2106, 229, 0.8727022058823529
22, 13.085230044778655, 1714, 304, 2031, 303, 0.8605238970588235
23, 12.694879603595837, 1672, 344, 2113, 223, 0.8697150735294118
24, 10.853645834566123, 1684, 334, 2095, 239, 0.8683363970588235
25, 10.748399755613718, 1677, 340, 2081, 254, 0.8635110294117647
26, 11.292173023666692, 1664, 352, 2107, 229, 0.8664981617647058
27, 9.732304229000874, 1690, 328, 2077, 257, 0.8655790441176471
28, 10.03983094909563, 1692, 326, 2109, 225, 0.8733915441176471
29, 8.605698011876484, 1690, 328, 2111, 223, 0.8733915441176471
30, 8.786739946961461, 1678, 337, 2129, 208, 0.8747702205882353
31, 8.25636402022701, 1698, 321, 2113, 220, 0.8756893382352942
32, 8.108996961626872, 1668, 347, 2134, 203, 0.8736213235294118
33, 8.121857265929066, 1679, 339, 2096, 238, 0.8674172794117647
34, 8.123313802855591, 1686, 327, 2125, 214, 0.8756893382352942
35, 6.089697797550343, 1707, 312, 2082, 251, 0.8706341911764706
36, 6.173379255790223, 1681, 333, 2099, 239, 0.8685661764705882
37, 7.290459298626274, 1631, 387, 2108, 226, 0.8591452205882353
38, 8.24506291012949, 1656, 359, 2110, 227, 0.8653492647058824
39, 6.322519703013313, 1682, 335, 2115, 220, 0.8724724264705882
40, 6.06269842602228, 1655, 359, 2113, 225, 0.8658088235294118
41, 6.082255180696393, 1702, 315, 2103, 232, 0.8743106617647058
42, 6.05074474803223, 1733, 283, 2084, 252, 0.8770680147058824
43, 5.665762664345948, 1683, 333, 2118, 218, 0.8733915441176471
44, 5.527809047809114, 1723, 293, 2078, 258, 0.8733915441176471
45, 4.7641549542315715, 1698, 317, 2110, 227, 0.875
46, 5.015934159588824, 1735, 280, 2077, 260, 0.8759191176470589
47, 4.4663270945993645, 1679, 336, 2123, 214, 0.8736213235294118
48, 5.730013579134038, 1682, 333, 2122, 215, 0.8740808823529411
49, 5.105845179822609, 1716, 299, 2099, 238, 0.8766084558823529
