0, 98.42536532133818, 1299, 718, 1859, 476, 0.7256433823529411
1, 87.1460934728384, 1445, 570, 1821, 516, 0.7504595588235294
2, 77.96952161565423, 1486, 533, 1796, 537, 0.7541360294117647
3, 71.83419544622302, 1520, 496, 1861, 475, 0.7768841911764706
4, 64.18853111565113, 1556, 460, 1857, 479, 0.7842371323529411
5, 57.420723118819296, 1508, 509, 1917, 418, 0.7869944852941176
6, 51.70453668385744, 1486, 527, 2025, 314, 0.8067555147058824
7, 47.287747661583126, 1494, 522, 2087, 249, 0.8228400735294118
8, 43.26503561809659, 1500, 517, 2084, 251, 0.8235294117647058
9, 40.411942260339856, 1637, 381, 1982, 352, 0.8315716911764706
10, 37.20193031569943, 1576, 443, 2018, 315, 0.8258272058823529
11, 34.01856309291907, 1578, 441, 2078, 255, 0.8400735294117647
12, 31.833504618145525, 1598, 421, 2088, 245, 0.8469669117647058
13, 29.785826306557283, 1578, 438, 2093, 243, 0.8435202205882353
14, 28.831731485784985, 1584, 432, 2087, 249, 0.8435202205882353
15, 27.296425363689195, 1606, 409, 2057, 280, 0.8416819852941176
16, 26.065740450518206, 1651, 368, 2047, 286, 0.8497242647058824
17, 26.21933792778873, 1640, 379, 2071, 262, 0.8527113970588235
18, 24.81610362693027, 1658, 359, 2060, 275, 0.8543198529411765
19, 24.337277813378023, 1699, 317, 2011, 325, 0.8524816176470589
20, 21.470265576142992, 1600, 417, 2133, 202, 0.8577665441176471
21, 20.572806614673027, 1623, 392, 2117, 220, 0.859375
22, 20.292604138492607, 1721, 298, 2038, 295, 0.8637408088235294
23, 19.959915065119276, 1669, 349, 2086, 248, 0.8628216911764706
24, 18.534808763113688, 1687, 331, 2059, 275, 0.8607536764705882
25, 18.12015355004951, 1675, 339, 2079, 259, 0.8625919117647058
26, 16.971763219228592, 1714, 303, 2032, 303, 0.8607536764705882
27, 16.55839998881129, 1621, 397, 2127, 207, 0.8612132352941176
28, 16.741524003929953, 1651, 368, 2092, 241, 0.8600643382352942
29, 16.30322963719118, 1664, 351, 2079, 258, 0.8600643382352942
30, 16.076053084343584, 1696, 323, 2062, 271, 0.8635110294117647
31, 16.244594412837614, 1661, 356, 2107, 228, 0.8658088235294118
32, 15.26934987710979, 1684, 336, 2062, 270, 0.8607536764705882
33, 15.136799141108895, 1573, 443, 2137, 199, 0.8524816176470589
34, 14.247279601597256, 1640, 375, 2080, 257, 0.8547794117647058
35, 15.40444537849271, 1735, 283, 2044, 290, 0.8683363970588235
36, 14.982470373916158, 1713, 303, 2026, 310, 0.8591452205882353
37, 14.39575585597413, 1636, 379, 2126, 211, 0.8644301470588235
38, 14.85933652798417, 1706, 312, 2050, 284, 0.8630514705882353
39, 14.27696369784303, 1704, 310, 2084, 254, 0.8704044117647058
40, 12.323768477143744, 1716, 300, 2059, 277, 0.8674172794117647
41, 12.763999270437465, 1692, 326, 2083, 251, 0.8674172794117647
42, 12.976311071259033, 1688, 329, 2100, 235, 0.8704044117647058
43, 12.414190843267008, 1665, 354, 2066, 267, 0.8573069852941176
44, 13.171360155342768, 1681, 334, 2086, 251, 0.8655790441176471
45, 12.035082570975248, 1674, 343, 2080, 255, 0.8625919117647058
46, 11.49726094738535, 1707, 309, 2103, 233, 0.8754595588235294
47, 12.707725396331398, 1664, 351, 2095, 242, 0.8637408088235294
48, 11.933257471033173, 1668, 352, 2096, 236, 0.8648897058823529
49, 12.328278780779215, 1739, 279, 2061, 273, 0.8731617647058824
