0, 46.359977193176746, 1172, 81, 311, 420, 0.7474798387096774
1, 41.083668023347855, 1150, 101, 348, 385, 0.7550403225806451
2, 39.20364272594452, 1115, 138, 372, 359, 0.7494959677419355
3, 37.9259040877223, 1118, 136, 383, 347, 0.7565524193548387
4, 35.937903851270676, 1099, 154, 394, 337, 0.7525201612903226
5, 34.61456201970577, 1091, 160, 398, 335, 0.7505040322580645
6, 33.38724520429969, 1102, 150, 397, 335, 0.7555443548387096
7, 32.24974187090993, 992, 259, 493, 240, 0.7484879032258065
8, 30.996660765260458, 1154, 100, 361, 369, 0.7636088709677419
9, 30.11161120608449, 1154, 95, 353, 382, 0.7595766129032258
10, 29.38809196278453, 974, 279, 492, 239, 0.7389112903225806
11, 28.599029675126076, 1045, 210, 415, 314, 0.7358870967741935
12, 28.05219890922308, 1081, 167, 396, 340, 0.7444556451612904
13, 27.633430290967226, 1069, 182, 397, 336, 0.7389112903225806
14, 26.934028882533312, 976, 274, 444, 290, 0.7157258064516129
15, 26.027299162000418, 973, 280, 476, 255, 0.7303427419354839
16, 25.668625792488456, 1102, 152, 365, 365, 0.7394153225806451
17, 24.909241154789925, 1026, 226, 405, 327, 0.7212701612903226
18, 24.62951134517789, 1081, 174, 368, 361, 0.7303427419354839
19, 24.018794160336256, 1072, 182, 381, 349, 0.7323588709677419
20, 23.694010332226753, 951, 301, 449, 283, 0.7056451612903226
21, 23.47098058089614, 959, 294, 409, 322, 0.6895161290322581
22, 23.310696188360453, 908, 344, 461, 271, 0.6900201612903226
23, 23.016656175255775, 1030, 221, 373, 360, 0.7071572580645161
24, 22.1717374548316, 972, 281, 391, 340, 0.6869959677419355
25, 21.888846231624484, 1086, 163, 351, 384, 0.7242943548387096
26, 22.234179195016623, 914, 338, 444, 288, 0.6844758064516129
27, 21.522617051377892, 950, 303, 408, 323, 0.6844758064516129
28, 21.013910023495555, 901, 349, 459, 275, 0.6854838709677419
29, 21.232499718666077, 904, 348, 441, 291, 0.6779233870967742
30, 20.905628202483058, 901, 349, 444, 290, 0.6779233870967742
31, 20.660825576633215, 964, 288, 400, 332, 0.6875
32, 20.543613959103823, 939, 313, 412, 320, 0.6809475806451613
33, 20.781818313524127, 898, 356, 451, 279, 0.6799395161290323
34, 20.77347543463111, 924, 328, 402, 330, 0.6683467741935484
35, 20.182520307600498, 919, 331, 405, 329, 0.6673387096774194
36, 19.708221992477775, 959, 293, 398, 334, 0.6839717741935484
37, 20.07296047732234, 962, 286, 386, 350, 0.6794354838709677
38, 19.631504707969725, 1016, 235, 367, 366, 0.6970766129032258
39, 19.67757366783917, 949, 304, 392, 339, 0.6759072580645161
40, 19.286930439062417, 957, 294, 386, 347, 0.6769153225806451
41, 19.167889781296253, 920, 331, 408, 325, 0.6693548387096774
42, 19.17656011506915, 928, 322, 410, 324, 0.6743951612903226
43, 19.618662897497416, 972, 280, 380, 352, 0.6814516129032258
44, 19.216414600610733, 890, 360, 454, 280, 0.6774193548387096
45, 19.15126615948975, 953, 297, 377, 357, 0.6703629032258065
46, 18.742717815563083, 909, 344, 437, 294, 0.6784274193548387
47, 18.548550637438893, 900, 351, 441, 292, 0.6759072580645161
48, 19.111850107088685, 982, 270, 376, 356, 0.6844758064516129
49, 18.86227962002158, 998, 256, 364, 366, 0.686491935483871
