0, 47.6192911490798, 1142, 106, 336, 400, 0.7449596774193549
1, 40.12766883522272, 1150, 101, 347, 386, 0.7545362903225806
2, 37.89585245400667, 1147, 105, 367, 365, 0.7631048387096774
3, 36.114087618887424, 1131, 125, 380, 348, 0.7615927419354839
4, 34.472635727375746, 1092, 158, 405, 329, 0.7545362903225806
5, 32.735667522996664, 1104, 149, 400, 331, 0.7580645161290323
6, 32.04591064527631, 1137, 114, 364, 369, 0.7565524193548387
7, 30.869779083877802, 1067, 185, 431, 301, 0.7550403225806451
8, 29.87583826109767, 1043, 208, 421, 312, 0.7379032258064516
9, 29.01605472713709, 1117, 136, 378, 353, 0.7535282258064516
10, 28.361721791327, 1053, 198, 418, 315, 0.7414314516129032
11, 27.987572316080332, 1021, 230, 432, 301, 0.7323588709677419
12, 27.147882290184498, 1046, 204, 406, 328, 0.7318548387096774
13, 26.389088490977883, 1094, 157, 377, 356, 0.7414314516129032
14, 26.020693130791187, 1030, 221, 419, 314, 0.7303427419354839
15, 25.523717295378447, 1041, 216, 402, 325, 0.7273185483870968
16, 25.199102444574237, 1043, 206, 403, 332, 0.7288306451612904
17, 24.74040336161852, 1005, 246, 416, 317, 0.7162298387096774
18, 24.043525010347366, 1016, 237, 401, 330, 0.7142137096774194
19, 24.114752031862736, 954, 296, 461, 273, 0.7132056451612904
20, 23.871601801365614, 1048, 204, 383, 349, 0.7212701612903226
21, 23.615395775064826, 975, 279, 432, 298, 0.7091733870967742
22, 23.14640263468027, 1015, 236, 412, 321, 0.7192540322580645
23, 22.409525495022535, 976, 276, 429, 303, 0.7081653225806451
24, 22.31741300225258, 1007, 243, 404, 330, 0.7111895161290323
25, 22.455214343965054, 985, 264, 425, 310, 0.7106854838709677
26, 21.67715970426798, 932, 319, 469, 264, 0.7061491935483871
27, 21.672598153352737, 943, 311, 439, 291, 0.6965725806451613
28, 21.675152346491814, 953, 297, 423, 311, 0.6935483870967742
29, 22.142456870526075, 970, 285, 421, 308, 0.7011088709677419
30, 21.55540357157588, 977, 274, 409, 324, 0.6985887096774194
31, 21.22272969223559, 934, 321, 447, 282, 0.6960685483870968
32, 20.97699154354632, 973, 281, 413, 317, 0.6985887096774194
33, 20.74354014918208, 921, 331, 448, 284, 0.6900201612903226
34, 20.679809160530567, 958, 294, 425, 307, 0.6970766129032258
35, 20.200344618409872, 944, 307, 423, 310, 0.6890120967741935
36, 20.841741118580103, 993, 263, 414, 314, 0.7091733870967742
37, 20.933491012081504, 947, 306, 423, 308, 0.6905241935483871
38, 20.115724977105856, 967, 282, 406, 329, 0.6920362903225806
39, 19.883411791175604, 915, 336, 450, 283, 0.6880040322580645
40, 20.66150245256722, 965, 284, 404, 331, 0.6900201612903226
41, 20.734138533473015, 958, 293, 404, 329, 0.686491935483871
42, 19.992900408804417, 942, 307, 419, 316, 0.6859879032258065
43, 19.417341085150838, 922, 329, 426, 307, 0.6794354838709677
44, 19.04571720585227, 931, 321, 425, 307, 0.6834677419354839
45, 19.100902011618018, 954, 295, 404, 331, 0.6844758064516129
46, 19.937168834730983, 935, 316, 423, 310, 0.6844758064516129
47, 20.154117312282324, 951, 303, 404, 326, 0.6829637096774194
48, 19.407215574756265, 959, 294, 392, 339, 0.6809475806451613
49, 18.901810959912837, 909, 345, 427, 303, 0.6733870967741935
