0, 47.25323870778084, 1119, 131, 355, 379, 0.7429435483870968
1, 43.48287235945463, 1161, 89, 312, 422, 0.7424395161290323
2, 42.26349588483572, 1106, 146, 368, 364, 0.7429435483870968
3, 41.10368589311838, 1113, 137, 374, 360, 0.7494959677419355
4, 40.656703568995, 1184, 70, 318, 412, 0.7570564516129032
5, 39.97145776450634, 1201, 51, 303, 429, 0.7580645161290323
6, 40.07582162320614, 1118, 133, 375, 358, 0.7525201612903226
7, 39.48303284496069, 1199, 55, 305, 425, 0.7580645161290323
8, 38.87545634806156, 1150, 100, 349, 385, 0.7555443548387096
9, 38.3737765699625, 1150, 99, 342, 393, 0.7520161290322581
10, 37.90695159137249, 1190, 63, 330, 401, 0.7661290322580645
11, 38.293059166520834, 1111, 138, 377, 358, 0.75
12, 37.327567636966705, 1122, 127, 378, 357, 0.7560483870967742
13, 36.731207851320505, 1173, 78, 337, 396, 0.7610887096774194
14, 36.17622550204396, 1183, 70, 326, 405, 0.7605846774193549
15, 35.92980998754501, 1169, 83, 345, 387, 0.7631048387096774
16, 35.279346860945225, 1129, 125, 368, 362, 0.7545362903225806
17, 34.75675117224455, 1128, 124, 378, 354, 0.7590725806451613
18, 34.23554667085409, 1098, 156, 388, 342, 0.748991935483871
19, 33.6040117777884, 1137, 116, 365, 366, 0.7570564516129032
20, 33.36324795335531, 1017, 234, 436, 297, 0.7323588709677419
21, 32.43734235316515, 1074, 179, 394, 337, 0.7399193548387096
22, 31.702373780310154, 1079, 174, 379, 352, 0.7348790322580645
23, 31.77593855932355, 1125, 128, 365, 366, 0.751008064516129
24, 31.166803691536188, 1090, 160, 373, 361, 0.7373991935483871
25, 30.810588885098696, 1060, 191, 390, 343, 0.7308467741935484
26, 30.215891126543283, 1039, 216, 404, 325, 0.7273185483870968
27, 30.101561471819878, 1013, 238, 422, 311, 0.7232862903225806
28, 29.734038215130568, 1040, 212, 400, 332, 0.7258064516129032
29, 29.588099874556065, 1084, 165, 373, 362, 0.734375
30, 28.818036999553442, 999, 252, 420, 313, 0.7152217741935484
31, 28.365457732230425, 1032, 220, 393, 339, 0.7182459677419355
32, 28.411944031715393, 1048, 203, 382, 351, 0.7207661290322581
33, 27.768114425241947, 997, 253, 398, 336, 0.703125
34, 27.96720092743635, 1053, 199, 382, 350, 0.7232862903225806
35, 27.552053041756153, 985, 264, 417, 318, 0.7066532258064516
36, 26.92367646098137, 1077, 174, 360, 373, 0.7242943548387096
37, 26.749630000442266, 997, 255, 393, 339, 0.7006048387096774
38, 26.481359720230103, 937, 317, 429, 301, 0.688508064516129
39, 26.70505742356181, 934, 316, 433, 301, 0.6890120967741935
40, 26.061387687921524, 1018, 234, 389, 343, 0.7091733870967742
41, 25.614473897963762, 999, 252, 402, 331, 0.7061491935483871
42, 25.763401474803686, 1025, 227, 366, 366, 0.7011088709677419
43, 25.799699168652296, 966, 287, 390, 341, 0.6834677419354839
44, 25.196712063625455, 953, 298, 416, 317, 0.6900201612903226
45, 25.70169470831752, 996, 255, 366, 367, 0.686491935483871
46, 25.330433625727892, 977, 277, 384, 346, 0.6859879032258065
47, 25.221380420029163, 963, 290, 402, 329, 0.6880040322580645
48, 24.803949357941747, 1026, 226, 367, 365, 0.702116935483871
49, 24.541815558448434, 942, 308, 409, 325, 0.6809475806451613
