0, 46.16662933677435, 1184, 69, 310, 421, 0.7530241935483871
1, 39.74207367748022, 1175, 77, 311, 421, 0.748991935483871
2, 37.37417407333851, 1176, 76, 312, 420, 0.75
3, 35.958160780370235, 1198, 50, 293, 443, 0.7515120967741935
4, 34.68087986111641, 1178, 74, 307, 425, 0.7484879032258065
5, 33.4261710755527, 1159, 93, 327, 405, 0.748991935483871
6, 32.07692930102348, 1110, 142, 375, 357, 0.7484879032258065
7, 31.050605483353138, 1092, 156, 393, 343, 0.7484879032258065
8, 30.392674811184406, 1113, 140, 371, 360, 0.7479838709677419
9, 29.374929901212454, 1124, 131, 367, 362, 0.7515120967741935
10, 28.514345236122608, 1047, 203, 419, 315, 0.7389112903225806
11, 28.722227469086647, 1061, 192, 402, 329, 0.7373991935483871
12, 28.226051691919565, 1023, 226, 425, 310, 0.7298387096774194
13, 27.04637597128749, 1014, 238, 442, 290, 0.7338709677419355
14, 26.785103034228086, 1043, 207, 404, 330, 0.7293346774193549
15, 26.221366193145514, 996, 257, 439, 292, 0.7232862903225806
16, 25.66161074489355, 1021, 231, 426, 306, 0.7293346774193549
17, 25.80352872610092, 1014, 238, 442, 290, 0.7338709677419355
18, 25.84395917132497, 995, 259, 428, 302, 0.7172379032258065
19, 25.21181344985962, 920, 331, 460, 273, 0.6955645161290323
20, 25.614878468215466, 1011, 242, 411, 320, 0.7167338709677419
21, 24.85755606368184, 983, 267, 420, 314, 0.7071572580645161
22, 24.31092426739633, 962, 288, 443, 291, 0.7081653225806451
23, 23.872878100723028, 949, 300, 452, 283, 0.7061491935483871
24, 24.399474065750837, 980, 273, 432, 299, 0.7116935483870968
25, 25.05518232472241, 992, 256, 415, 321, 0.7091733870967742
26, 23.78559487313032, 962, 293, 418, 311, 0.6955645161290323
27, 23.533658608794212, 963, 286, 434, 301, 0.704133064516129
28, 23.51417463645339, 991, 259, 412, 322, 0.7071572580645161
29, 23.25377189181745, 888, 363, 488, 245, 0.6935483870967742
30, 23.24783967062831, 993, 258, 423, 310, 0.7137096774193549
31, 24.02033479511738, 924, 327, 447, 286, 0.6910282258064516
32, 23.100241042673588, 973, 278, 419, 314, 0.7016129032258065
33, 22.63437902368605, 950, 301, 440, 293, 0.7006048387096774
34, 22.358347803354263, 950, 296, 417, 321, 0.6890120967741935
35, 22.292596101760864, 947, 304, 434, 299, 0.6960685483870968
36, 22.195842685177922, 978, 275, 404, 327, 0.6965725806451613
37, 22.31707362085581, 935, 317, 441, 291, 0.6935483870967742
38, 22.025490254163742, 992, 264, 403, 325, 0.703125
39, 21.73022381030023, 953, 300, 431, 300, 0.6975806451612904
40, 21.95292305573821, 988, 266, 398, 332, 0.6985887096774194
41, 22.030144177377224, 940, 317, 430, 297, 0.6905241935483871
42, 22.098641507327557, 966, 284, 420, 314, 0.6985887096774194
43, 21.892651909962296, 944, 305, 426, 309, 0.6905241935483871
44, 22.022840704768896, 919, 337, 449, 279, 0.6895161290322581
45, 21.518560755997896, 934, 317, 430, 303, 0.6875
46, 21.676979141309857, 934, 316, 420, 314, 0.6824596774193549
47, 22.14136542752385, 961, 290, 406, 327, 0.6890120967741935
48, 22.19580401480198, 950, 299, 421, 314, 0.6910282258064516
49, 21.885998344048858, 938, 317, 412, 317, 0.6804435483870968
